# GIMP colorrc
# 
# This file holds a list of recently used colors.

(color-history
    (color-rgba 0 0 0 1)
    (color-rgba 0 0 0 4.673959763331896e-310)
    (color-rgba 0.13333333333333333 0.15294117647058825 0.1803921568627451 1)
    (color-rgba 0.90588235294117647 0.90588235294117647 0.90588235294117647 1)
    (color-rgba 0.18431372549019609 0.20392156862745098 0.24705882352941178 1)
    (color-rgba 0.16078431372549021 0.72156862745098038 0.14509803921568629 1)
    (color-rgba 0.72156862745098038 0.14509803921568629 0.14509803921568629 1)
    (color-rgba 0.16201144887485167 0.72058823529411764 0.1450848795894196 1)
    (color-rgba 0.72058823529411764 0.14508487958941968 0.14508487958941968 1)
    (color-rgba 1 1 1 1)
    (color-rgba 0.68627452850341797 0.43529415130615234 0.52453161875406884 1)
    (color-rgba 0.43529415130615234 0.68627452850341797 0.59215688705444336 1)
    (color-rgba 0.72156864404678345 0.47843140363693237 0.38431376218795776 1)
    (color-rgba 0.38431376218795776 0.40679742097854599 0.72156864404678345 1)
    (color-rgba 0.93333339691162109 0.4901961088180542 0.32941177487373352 1)
    (color-rgba 0.729411780834198 0.52549022436141968 0.48235297203063965 1)
    (color-rgba 0.9647059440612793 0.71764707565307617 0.40784317255020142 1)
    (color-rgba 0.94509810209274292 0.60784316062927246 0.55686277151107788 1)
    (color-rgba 0.44705885648727417 0.80000007152557373 0.83137261867523193 1)
    (color-rgba 0.87745098039215685 0.85545408451576432 0.12955652059481512 1)
    (color-rgba 0.27058823529411763 0.27058823529411763 0.27058823529411763 1)
    (color-rgba 0.24982195799756945 0.81862745098039214 0.21427161468614286 1)
    (color-rgba 0.067164410177809858 0.36274509803921573 0.04869061718647192 1)
    (color-rgba 0.77711532179026466 0.13418817379941192 0.26179099706344838 1)
    (color-rgba 0.7990196078431373 0.18232662192393737 0.18232662192393737 1)
    (color-rgba 1 1 1 4.661151322281668e-310)
    (color-rgba 0.22352941176470589 0.72156862745098038 0.098039215686274508 4.6533669869671407e-310)
    (color-rgba 0.22516604351965799 0.72058823529411764 0.096723253059613129 1)
    (color-rgba 0.025344777199672212 0.17806553154957791 0 1)
    (color-rgba 0.15294117647058825 0.15294117647058825 0.15294117647058825 1))

# end of colorrc
